51160156266662910792108384812806613653396150834796024122460363340189370679297
51160156266662910792108384812806613653396150834796024122460363342388393934849
51160156266662910792108384812806613653396150834796024122460363344587417190401
51160156266662910792108384812806613653396150834796024122460363346786440445953
51160156266662910792108384812806613653396150834796024122460362648596556808193
51160156266662910792108384812806613653396150834796024122460362652994603319297
51160156266662910792108384812806613653396150834796024122460362655193626574849
51160156266662910792108384812806613653396150834796024122460363704127719473153
51160156266662910792108384812806613653396150834796024122460362651895091691521
51160156266662910792108384812806613653396150834796024122460362658492161458177
51160156266662910792108384812806613653396150834796024122460362660691184713729
